1000 10 10
72363 89785
61677 64876
6650 32804
97831 77589
72355 89785
72093 77582
95712 18719
28802 13803
58919 14772
23020 62933
35743 48803
14321 92411
51951 90366
1674 14730
50646 34615
2582 77618
87971 99894
4486 48391
2673 99774
65069 82391
56944 59434
48368 38817
35952 11643
19152 17737
81895 8652
18588 94434
94942 96290
50644 34615
40447 17602
82307 417
89588 8347
72495 80867
76497 89207
68500 20690
57289 64331
67897 26404
72500 80867
2838 31574
40698 42451
93296 84807
56950 59434
72860 50742
99244 35544
51952 90366
64148 44728
26011 47781
34994 37600
72499 80867
76505 89207
75352 54862
21894 79835
2667 99774
94472 30673
26531 23065
4481 48391
53326 53421
59915 64226
23021 62933
78631 49883
59208 62744
82834 29768
26537 23065
46229 26787
39966 8772
35489 19031
561 85859
57795 30532
62723 6808
20590 63348
15468 79304
13840 17760
44773 38000
2668 99774
44249 10890
87529 22013
4481 48391
52256 43214
57661 28531
7008 71294
95320 29909
43453 25154
88021 74654
88512 65125
58861 10939
51080 91981
40695 42451
22317 65087
46646 36896
4301 80732
92168 75980
82226 96176
49226 3924
47543 88017
54477 52225
23027 62933
1007 49597
4489 48391
39722 33859
5449 29491
56556 33903
15180 39589
20754 6145
14025 68527
38758 23595
59702 47215
25725 52747
17507 13720
11578 73090
16767 64531
61674 64876
27792 88694
75612 26531
49466 3540
31857 17361
39546 29222
4921 30378
44773 38000
33688 26502
95990 87622
48861 41743
23712 51251
68895 76280
20898 77854
11958 29688
4804 90018
68897 76280
14324 92411
75431 34447
20620 81868
50374 34077
41005 93484
20754 6145
54475 52225
97443 66894
98408 14187
22181 79929
51957 90366
23024 62933
77311 46073
66679 68833
20894 77854
76505 89207
51950 90366
50376 34077
16771 64531
69328 64940
99244 35544
83202 26971
73582 59676
35100 64524
90244 98999
4443 87106
7109 17701
53455 84166
16663 53928
16195 39979
92163 75980
68159 12131
27931 27205
95708 18719
95510 66945
62725 6808
66575 86436
55254 25645
39727 33859
86234 96517
60296 91574
14321 92411
87962 11484
50374 34077
3836 8986
20895 77854
16775 64531
7107 17701
1516 20274
64698 33804
9203 92350
3237 47713
66505 79280
30183 12960
76498 89207
7048 17898
6728 22100
20905 570
24019 47408
7113 17701
90239 98999
53319 53421
66508 79280
56699 37107
61677 64876
46417 47796
61677 64876
15470 79304
14320 92411
22186 79929
90237 98999
93896 79486
78162 48136
39060 70695
61668 64876
76504 89207
99248 35544
15470 79304
97632 26211
73479 60000
97831 77589
16770 64531
40567 19912
82248 61284
26016 47781
20021 82814
94742 36426
6650 32804
97445 66894
17492 88470
44135 88180
52761 65868
58833 5352
20895 77854
58834 5352
62725 6808
26014 47781
56951 59434
95713 18719
56948 59434
30624 80533
26528 23065
64124 71764
50646 34615
3836 8986
20758 6145
88652 16728
6651 32804
31045 71887
87449 9001
76728 68866
82757 42762
90236 98999
13773 87844
69331 64940
36366 5647
9711 82259
72358 89785
5067 60437
76503 89207
4489 48391
49285 511
97825 77589
64570 6851
16139 58644
26012 47781
29888 57757
66228 56761
15414 40947
93854 5296
50637 45312
23028 62933
50376 34077
23251 30173
20018 82814
59916 64226
59912 64226
20019 82814
97440 66894
97825 77589
72088 77582
62718 6808
95509 66945
49109 92927
508 7241
76497 89207
92417 16329
48367 88111
33372 35984
78154 48136
83827 64004
99887 24189
23710 51251
139 98943
92168 75980
50306 94704
41756 12484
97827 77589
26528 23065
71648 99650
59909 64226
95514 66945
23709 51251
63812 17686
78153 48136
40703 42451
72093 77582
5920 89689
50646 34615
66507 79280
44773 38000
72761 3831
97440 66894
64568 6851
92563 31714
68901 76280
14362 66447
65383 11087
6648 32804
96685 98755
51955 90366
85212 97319
76504 89207
89806 46494
6235 72674
48014 64826
19448 57988
583 6981
95443 99619
26012 47781
72361 89785
51084 91981
33782 12686
60307 7167
3838 8986
4277 20412
88693 5317
14939 40543
11548 16841
14713 30101
61544 81057
25287 63503
40702 42451
89051 24799
39059 70695
61455 94586
67186 35536
70175 52218
15465 79304
27067 60843
50376 34077
97446 66894
5643 34823
95511 66945
69329 64940
4906 20352
45492 73326
97441 66894
52247 46490
23019 62933
39055 70695
20022 82814
64171 89793
6646 32804
2666 99774
77531 41082
48802 27406
64564 6851
59708 47215
72358 89785
51078 91981
99950 22477
39722 33859
97829 77589
72362 89785
38093 82845
72894 82658
16139 58644
45773 32133
20759 6145
71810 8528
95 65344
97446 66894
3837 8986
72093 77582
23713 51251
35077 99744
44775 38000
98970 48800
13308 51276
3836 8986
78157 48136
72495 80867
6444 51926
6772 27904
62068 15089
69762 73371
64464 78094
20895 77854
67704 31114
68898 76280
16144 58644
58833 5352
24353 11722
99389 47648
83710 33210
27548 13103
61941 53042
35551 81862
62725 6808
92160 75980
95708 18719
14324 92411
59912 64226
6426 51694
66507 79280
67442 51297
62707 81600
58831 5352
61070 38330
78157 48136
39062 70695
20897 77854
27061 3724
87741 77822
67774 62631
92031 13959
83021 34878
16224 68315
50644 34615
35597 63024
22189 79929
70492 13640
23717 51251
50536 44279
45403 43445
55804 4192
51085 91981
48166 30053
2672 99774
14327 92411
61672 64876
8387 93247
64898 10191
15465 79304
56950 59434
3841 8986
63477 81830
72358 89785
90238 98999
4585 11946
11878 38084
59914 64226
91967 96790
59917 64226
99242 35544
82541 83560
42430 21870
95510 66945
5376 6679
71640 99650
71640 99650
72363 89785
51955 90366
50640 34615
61677 64876
26014 47781
15467 79304
14782 33483
51951 90366
39729 33859
41070 52081
43042 76191
66506 79280
14327 92411
62644 62567
39787 38817
71643 99650
87970 60238
77889 41570
65608 22234
93355 81355
61640 31783
49622 71086
37213 11881
94606 306
39722 33859
58828 5352
47939 41468
53320 53421
90571 81846
48818 31415
72093 77582
58555 78131
16246 6732
60130 16771
72500 80867
59918 64226
16142 58644
92168 75980
20792 89182
95506 66945
46421 53149
73959 89290
23026 62933
20019 82814
95030 32511
90244 98999
95504 15609
56947 59434
72084 77582
47017 5024
83834 611
16772 64531
23708 51251
66000 71906
72093 77582
51437 53295
47865 4422
60466 90851
80457 46175
46006 24142
39019 84509
16137 58644
72356 89785
12798 96194
16141 58644
28247 94179
12302 54057
22413 698
54474 52225
55429 92246
39722 33859
84744 3201
39061 70695
19972 52005
16775 64531
99248 35544
36698 55207
87362 62723
29 67613
62507 42871
27606 45148
7511 36038
71648 99650
64707 81196
69794 45986
95708 18719
74109 25694
79922 71189
61672 64876
64569 6851
24900 17371
95707 18719
31257 25067
14337 45008
39720 33859
95417 1861
51365 13886
39725 33859
84753 2301
92866 87979
90245 98999
78157 48136
72500 80867
58826 5352
2669 99774
71941 22270
16141 29348
66511 79280
3840 8986
26016 47781
50652 15337
22186 79929
51083 91981
95510 66945
59758 6495
15466 79304
35140 7602
39055 70695
22206 98214
66510 79280
53322 53421
53206 74469
15462 79304
81253 6152
50369 34077
54480 52225
16141 58644
98175 44212
71646 99650
7112 17701
50450 74527
20755 6145
14327 92411
54481 52225
46460 42848
26519 98770
20894 77854
22184 79929
20868 76501
66510 79280
19151 57239
23027 62933
22187 79929
99783 3167
21754 58851
5673 9086
62718 6808
31000 40376
68903 76280
59940 67481
95509 66945
20759 6145
59410 44989
20759 6145
75285 48715
32574 48178
7108 17701
32233 20182
76503 89207
44773 38000
22180 79929
59708 47215
62718 6808
40701 42451
64564 6851
23711 51251
97830 77589
6652 32804
16142 58644
26532 23065
18304 71724
73238 94152
12467 79454
71397 26548
67146 3556
4481 48391
2671 99774
69422 79613
4488 48391
99247 35544
72085 77582
50368 34077
49727 2072
78158 48136
6650 32804
72496 80867
64566 6851
23711 51251
86275 66301
11517 40217
88213 23488
58827 5352
54478 52225
65529 31841
35073 2036
51950 90366
79230 77266
26007 47781
37595 58145
23148 55566
39056 70695
47170 82087
65837 62136
44823 68940
2999 91367
78162 48136
58831 35435
52861 47823
61673 64876
32666 11529
15785 88201
95390 42468
2667 99774
68901 76280
32820 33576
35000 61025
44772 38000
78160 48136
26530 23065
39049 16055
16588 29342
16767 64531
4759 66161
51085 91981
51085 91981
8325 354
68901 76280
90237 98999
15463 79304
97826 77589
59704 47215
38426 96727
97443 66894
84021 28492
97439 66894
53866 86286
34222 59787
99746 17748
65200 90548
95511 66945
85278 76845
59701 47215
50163 78038
26533 23065
16773 64531
47012 56860
78348 2593
23018 7053
7110 17701
31420 27962
82662 67613
7112 17701
16146 58644
6646 32804
26535 23065
33635 26202
26532 23065
92162 75980
58204 89372
47105 12106
41624 44558
24204 29874
83822 64560
20892 77854
22188 79929
46658 21265
44779 38000
69335 64940
51085 91981
81102 68986
3186 46660
75302 94002
691 84935
50643 34615
44588 26170
14322 92411
45099 15971
33978 73492
2674 99774
86257 7052
59700 47215
6649 32804
39729 33859
72493 80867
78160 48136
40702 42451
64563 6851
73354 33605
11659 27250
77043 43527
44771 38000
59702 47215
50646 34615
97828 77589
99251 35544
54995 31764
92161 75980
4952 84665
61445 98095
68457 48105
14323 92411
53326 53421
3835 8986
16834 35655
90242 98999
54475 52225
92162 75980
95707 18719
98120 98157
95508 66945
69330 64940
1309 52952
4484 48391
70317 81167
53318 53421
69029 46499
51078 91981
39724 33859
85893 26987
59156 51068
64617 86545
12839 24441
64565 6851
99244 35544
38766 40414
32092 78527
4485 48391
54480 52225
78700 10860
7108 17701
75580 3385
51956 90366
15022 70725
21822 93466
50646 34615
96768 526
51081 91981
44770 38000
48985 80106
47853 15538
56944 59434
23713 51251
62718 6808
20753 6145
16137 58644
49195 54002
89942 45919
9866 99046
78806 50280
59707 47215
66208 34208
7395 83378
72087 77582
3834 8986
66505 79280
13795 36823
11194 85257
97389 12464
26013 47781
23022 62933
58827 5352
50644 34615
38942 18522
69333 64940
4482 48391
72357 89785
56949 59434
51391 50785
25313 97730
58825 5352
94068 14291
72497 80867
95712 18719
68900 76280
96841 69913
68201 40265
90667 1045
13949 94216
72495 80867
40699 42451
15261 86791
2675 99774
59708 47215
99081 59702
92165 75980
40704 42451
40700 42451
62725 6808
20754 6145
83080 86909
22189 79929
20019 82814
54203 67266
16770 64531
82400 27079
64570 6851
7108 17701
71646 99650
82808 77175
31588 20493
34647 10717
76140 74108
71815 82257
3401 82371
53322 53421
85266 34143
46998 5666
25458 99241
40699 42451
86064 820
20019 82814
7157 92701
3837 8986
88429 92206
66513 79280
97440 66894
22662 65936
69596 53878
54478 52225
44912 80957
92370 26220
93765 39781
95707 18719
20026 82814
91240 54749
28446 57209
87236 16634
88347 76262
95710 18719
39524 86697
71641 99650
13270 65465
59914 64226
96506 71910
27728 700
53320 53421
50368 34077
94513 55558
16189 6455
29386 85061
33789 49904
56945 59434
90240 98999
20898 77854
53326 53421
43811 44589
31378 83533
23713 51251
69336 64940
76130 25079
37325 99140
54258 71891
69333 64940
72092 77582
59917 64226
58879 6536
39059 70695
71645 99650
63563 70450
26531 23065
69329 64940
99245 35544
14714 35536
69328 64940
56943 59434
5708 49057
96788 88890
20041 83493
37942 57573
40288 58748
99245 35544
96428 85631
20019 82814
87444 49030
53319 53421
68904 76280
13471 34193
92389 71951
2579 70585
18682 41060
88020 88579
7622 40300
59701 47215
64771 69496
20020 82814
94627 20071
61640 78240
20751 6145
38631 16052
22706 40689
92866 51036
3283 62727
90351 54561
28808 89417
84733 80130
38678 32643
28499 61382
49321 48064
40420 753
8383 35320
52041 22789
67276 40784
69574 66627
69309 19634
71642 99650
11772 87994
99557 55736
35341 15434
15464 79304
58834 5352
88322 65892
6650 32804
91161 33283
75240 69672
50370 34077
50376 34077
44775 38000
16776 64531
39064 70695
1340 11675
92164 75980
20297 94964
34871 38431
32282 79578
61677 64876
92784 61616
20896 77854
64562 6851
26016 47781
62839 80131
51952 90366
7116 17701
7893 73218
68902 76280
66061 98033
23025 62933
16232 75945
16046 58598
35498 47552
89749 88270
76498 89207
54481 52225
22187 79929
7929 25862
39055 70695
84649 91438
71960 96111
62721 6808
96190 99209
97831 77589
73947 95604
44670 834
