52
62
73
89
101
115
137
141
143
146
147
244
269
277
284
297
335
340
353
369
370
409
410
412
420
422
445
499
500
502
511
549
565
601
620
626
648
662
681
697
703
728
751
770
781
788
790
795
805
821
830
833
836
842
946
953
974
1014
1043
1087
1100
1107
1115
1156
1180
1181
1190
1221
1231
1256
1263
1270
1274
1278
1280
1282
1284
1310
1329
1404
1432
1441
1444
1472
1489
1503
1508
1522
1545
1555
1559
1584
1592
1635
1643
1677
1712
1731
1740
1775
1784
1788
1797
1814
1861
1871
1880
1935
1942
2004
2053
2057
2071
2120
2125
2132
2161
2197
2250
2352
2402
2405
2424
2425
2471
2501
2535
2553
2571
2575
2582
2650
2679
2701
2709
2740
2800
2882
2961
2965
2976
2988
3039
3067
3113
3147
3211
3271
3285
3292
3304
3372
3391
3398
3438
3454
3458
3471
3472
3480
3491
3496
3503
3506
3518
3543
3564
3637
3638
3695
3727
3739
3746
3750
3751
3795
3807
3825
3827
3845
3851
3957
3984
4008
4012
4037
4086
4232
4255
4263
4270
4279
4307
4320
4342
4348
4359
4360
4385
4418
4423
4443
4470
4491
4497
4501
4526
4550
4605
4606
4660
4675
4751
4769
4781
4783
4805
4808
4855
4864
4879
4926
4948
4957
4963
5029
5044
5074
5081
5096
5098
5103
5165
5213
5218
5220
5226
5274
5281
5309
5327
5346
5389
5403
5437
5489
5490
5504
5509
5520
5522
5576
5596
5626
5649
5650
5651
5694
5709
5729
5746
5747
5777
5821
5831
5853
5872
5888
5889
5894
5921
5978
6008
6011
6014
6034
6035
6040
6050
6068
6098
6123
6140
6166
6175
6191
6197
6199
6220
6237
6283
6301
6360
6372
6381
6430
6450
6477
6482
6509
6520
6522
6537
6565
6599
6610
6636
6654
6700
6719
6741
6754
6762
6771
6808
6829
6837
6841
6909
6931
6960
6967
6975
6978
6981
7015
7027
7093
7173
7194
7209
7227
7235
7257
7271
7290
7315
7318
7319
7336
7351
7361
7396
7461
7475
7515
7516
7525
7527
7535
7564
7582
7592
7595
7611
7716
7720
7770
7776
7827
7883
7941
7951
7956
7968
7995
8009
8031
8064
8088
8094
8114
8162
8178
8201
8246
8273
8278
8315
8339
8362
8371
8387
8422
8426
8458
8479
8498
8510
8525
8526
8534
8570
8607
8609
8611
8613
8638
8672
8692
8718
8729
8778
8793
8812
8826
8856
8871
8892
8925
8938
8992
9021
9045
9101
9193
9196
9266
9275
9330
9336
9338
9345
9356
9390
9392
9401
9425
9430
9436
9463
9468
9491
9510
9522
9523
9542
9553
9557
9574
9584
9587
9601
9648
9680
9692
9738
9739
9760
9762
9772
9791
9793
9799
9837
9876
9880
9884
9886
9910
9911
9925
9926
9942
9962
10004
10007
10013
10023
10027
10045
10081
10121
10140
10183
10190
10208
10237
10263
10269
10281
10290
10294
10303
10304
10326
10332
10360
10404
10435
10474
10491
10507
10585
10615
10625
10632
10637
10640
10658
10693
10719
10720
10771
10808
10846
10863
10868
10883
10895
10898
10921
10980
10985
11028
11036
11068
11125
11131
11163
11180
11186
11192
11203
11299
11331
11335
11336
11358
11365
11413
11416
11434
11452
11510
11564
11622
11655
11662
11736
11748
11774
11808
11811
11862
11885
11896
11902
11909
11910
11916
11933
11935
11978
11988
12046
12117
12143
12151
12260
12272
12273
12274
12282
12289
12297
12327
12329
12365
12372
12375
12407
12446
12478
12485
12497
12512
12519
12521
12553
12582
12641
12644
12669
12670
12677
12680
12710
12718
12720
12723
12785
12800
12837
12842
12846
12859
12973
12985
12987
13003
13010
13052
13072
13076
13081
13133
13161
13168
13197
13200
13224
13254
13260
13278
13287
13304
13308
13341
13402
13424
13425
13492
13531
13535
13543
13548
13559
13590
13592
13603
13625
13627
13650
13700
13726
13736
13757
13784
13797
13806
13884
13892
13909
13914
13936
13947
13979
14002
14003
14025
14026
14040
14068
14074
14085
14087
14111
14116
14118
14121
14148
14155
14173
14192
14214
14225
14251
14253
14270
14285
14301
14338
14346
14367
14394
14419
14472
14541
14560
14561
14566
14590
14653
14659
14672
14686
14688
14695
14724
14729
14781
14800
14824
14825
14827
14848
14861
14914
14928
14932
14939
14940
14957
15055
15081
15105
15108
15124
15177
15222
15240
15247
15318
15361
15381
15427
15440
15446
15448
15464
15466
15480
15504
15510
15543
15549
15559
15564
15582
15587
15603
15608
15628
15630
15677
15692
15702
15763
15772
15774
15783
15835
15849
15850
15858
15864
15883
15887
15890
15901
15913
15917
15924
15935
15942
15954
15985
16014
16036
16043
16060
16062
16078
16080
16129
16134
16156
16157
16163
16164
16178
16188
16225
16245
16249
16261
16266
16290
16301
16311
16355
16381
16424
16495
16538
16576
16580
16601
16634
16659
16662
16709
16744
16810
16824
16847
16880
16904
16960
17020
17040
17041
17045
17055
17144
17158
17175
17316
17345
17360
17364
17505
17527
17533
17540
17549
17568
17575
17578
17612
17633
17641
17671
17758
17803
17842
17847
17851
17864
17906
17907
17909
17922
17977
18036
18092
18120
18123
18140
18164
18178
18183
18188
18189
18213
18243
18245
18271
18278
18295
18310
18365
18368
18385
18400
18419
18433
18470
18501
18510
18567
18582
18589
18637
18672
18704
18781
18782
18783
18804
18806
18817
18832
18838
18886
18887
18891
18899
18915
18942
18944
18948
18949
18978
18984
18985
18988
19017
19042
19066
19084
19091
19106
19108
19135
19160
19174
19184
19204
19230
19250
19264
19289
19307
19313
19358
19386
19400
19418
19432
19443
19491
19493
19523
19527
19537
19541
19551
19561
19578
19579
19595
19647
19649
19672
19688
19693
19718
19833
19836
19856
19869
19879
19914
19938
19939
19961
19978
20014
20020
20026
20052
20059
20065
20090
20093
20107
20148
20154
20165
20169
20178
20203
20205
20220
20228
20237
20266
20268
20270
20282
20290
20291
20308
20309
20354
20359
20371
20378
20429
20445
20501
20519
20548
20553
20555
20581
20592
20603
20612
20614
20617
20652
20669
20683
20692
20712
20758
20763
20765
20770
20803
20807
20809
20816
20837
20847
20852
20855
20868
20870
20876
20903
20904
20918
20947
20980
20992
20994
21001
21024
21038
21049
21126
21163
21198
21218
21222
21224
21226
21229
21243
21277
21280
21339
21365
21385
21388
21399
21406
21446
21490
21527
21530
21540
21572
21581
21608
21647
21671
21677
21687
21690
21696
21724
21751
21773
21788
21803
21829
21837
21844
21862
21875
21881
21886
21900
21907
21979
22005
22058
22072
22091
22097
22110
22122
22170
22179
22183
22195
22207
22213
22215
22259
22293
22341
22355
22356
22362
22390
22439
22458
22474
22521
22555
22566
22595
22603
22619
22646
22671
22688
22689
22712
22717
22808
22828
22848
22864
22875
22895
22906
22943
22953
22963
23007
23012
23050
23094
23124
23128
23134
23152
23173
23181
23189
23204
23211
23229
23298
23301
23377
23397
23399
23410
23413
23418
23467
23551
23561
23562
23584
23627
23631
23637
23645
23662
23667
23698
23733
23740
23758
23788
23793
23831
23838
23883
23892
23912
23934
23947
23948
24001
24026
24069
24075
24078
24086
24091
24146
24160
24167
24218
24225
24247
24265
24282
24298
24320
24321
24330
24335
24337
24345
24379
24413
24450
24458
24476
24523
24529
24591
24601
24607
24658
24689
24709
24728
24738
24754
24780
24789
24805
24859
24885
24887
24908
24971
25000
25014
25034
25065
25076
25081
25084
25151
25155
25161
25183
25206
25248
25289
25297
25305
25341
25351
25356
25384
25398
25404
25408
25428
25431
25533
25536
25555
25557
25617
25626
25674
25717
25737
25738
25755
25771
25802
25817
25824
25833
25845
25868
25897
25946
25981
25992
26014
26015
26022
26050
26066
26074
26084
26100
26102
26114
26129
26139
26153
26202
26214
26236
26246
26265
26278
26298
26314
26359
26388
26391
26396
26440
26465
26483
26486
26491
26506
26521
26537
26559
26609
26637
26649
26683
26699
26768
26778
26784
26800
26858
26878
26887
26944
26954
26978
26993
26998
27004
27012
27038
27068
27082
27132
27153
27170
27175
27186
27211
27242
27255
27258
27259
27261
27279
27329
27372
27379
27381
27389
27402
27419
27427
27430
27434
27454
27461
27463
27470
27499
27503
27519
27594
27612
27614
27648
27650
27685
27686
27753
27817
27892
27918
27922
28006
28081
28094
28102
28166
28167
28215
28244
28267
28327
28340
28343
28350
28377
28398
28452
28485
28505
28515
28519
28538
28550
28555
28583
28601
28611
28632
28637
28664
28691
28704
28728
28745
28767
28795
28811
28812
28876
28884
28892
28907
28929
28935
28957
28963
28965
28976
28982
29017
29042
29057
29071
29130
29137
29143
29197
29205
29230
29231
29234
29247
29292
29306
29316
29425
29426
29449
29455
29457
29462
29504
29528
29553
29583
29613
29629
29640
29702
29757
29765
29769
29807
29828
29845
29856
29893
29919
30007
30022
30034
30096
30097
30098
30108
30120
30161
30227
30229
30238
30258
30369
30373
30394
30453
30456
30533
30580
30590
30613
30655
30717
30718
30740
30749
30781
30794
30813
30826
30836
30844
30862
30895
30899
30904
30910
30916
30918
30919
30921
30939
30946
30950
30953
30976
30998
30999
31004
31015
31052
31060
31062
31063
31078
31090
31116
31139
31162
31165
31176
31180
31203
31209
31210
31215
31242
31271
31286
31291
31330
31373
31404
31430
31450
31472
31485
31489
31502
31515
31533
31540
31558
31605
31624
31646
31679
31697
31722
31740
31763
31768
31811
31812
31833
31855
31861
31891
31893
31898
31916
31964
31991
32006
32023
32037
32099
32136
32137
32143
32214
32243
32268
32278
32286
32298
32309
32367
32369
32373
32382
32390
32449
32564
32638
32673
32693
32701
32704
32766
32779
32819
32898
32908
32911
32918
32942
32970
32973
33017
33020
33024
33028
33037
33040
33107
33139
33173
33203
33209
33231
33250
33276
33284
33285
33289
33324
33327
33346
33372
33382
33409
33410
33411
33416
33478
33484
33533
33563
33564
33647
33673
33704
33723
33731
33737
33748
33759
33783
33807
33840
33845
33854
33870
33883
33895
33899
33924
33945
33956
33979
33981
34043
34064
34072
34076
34132
34155
34236
34256
34265
34267
34287
34317
34395
34409
34416
34420
34430
34486
34557
34577
34579
34616
34643
34648
34678
34685
34712
34739
34772
34773
34786
34789
34802
34803
34822
34832
34851
34890
34920
34923
34938
34974
34983
35002
35004
35027
35051
35070
35100
35102
35106
35119
35161
35176
35226
35241
35266
35267
35271
35279
35290
35293
35323
35327
35394
35412
35419
35425
35486
35506
35523
35538
35545
35573
35583
35612
35651
35655
35673
35701
35708
35714
35733
35778
35801
35802
35812
35813
35825
35853
35855
35890
35895
35912
35946
35964
35989
35992
35993
35997
36014
36067
36098
36110
36115
36120
36130
36135
36176
36177
36261
36276
36280
36292
36325
36330
36339
36344
36360
36383
36397
36406
36420
36432
36484
36550
36562
36566
36582
36598
36604
36619
36630
36644
36662
36670
36694
36705
36706
36729
36730
36780
36782
36789
36803
36807
36844
36848
36873
36877
36947
36965
37013
37024
37075
37089
37099
37139
37155
37159
37190
37199
37219
37220
37238
37260
37261
37269
37278
37307
37330
37358
37362
37385
37389
37412
37423
37426
37435
37468
37472
37503
37513
37515
37547
37561
37565
37589
37602
37609
37610
37620
37668
37676
37731
37750
37768
37776
37790
37808
37822
37849
37929
37934
37942
37971
38006
38024
38028
38076
38089
38107
38112
38135
38137
38141
38166
38177
38213
38292
38294
38324
38389
38406
38423
38470
38494
38495
38502
38526
38537
38586
38594
38620
38660
38683
38686
38716
38731
38819
38837
38840
38851
38852
38876
38877
38899
38903
38915
38927
38928
38960
38963
38974
39001
39025
39089
39109
39149
39151
39156
39192
39221
39229
39230
39235
39238
39272
39273
39318
39346
39372
39400
39402
39403
39428
39436
39440
39454
39456
39476
39477
39486
39506
39523
39563
39564
39588
39601
39630
39637
39644
39667
39688
39703
39721
39749
39806
39818
39819
39823
39825
39835
39851
39862
39881
39907
39910
39916
39922
39924
39948
39954
39986
39996
40025
40028
40035
40043
40059
40069
40075
40094
40104
40112
40155
40157
40171
40179
40196
40209
40244
40245
40284
40285
40343
40375
40400
40418
40436
40480
40487
40525
40550
40583
40607
40609
40620
40630
40661
40669
40676
40692
40756
40793
40802
40819
40915
40920
40936
40943
40947
40955
41048
41056
41065
41070
41094
41098
41100
41125
41152
41154
41177
41180
41216
41238
41264
41269
41287
41359
41363
41441
41453
41495
41529
41538
41545
41550
41557
41566
41585
41589
41601
41616
41623
41653
41661
41662
41671
41774
41801
41816
41838
41893
41894
41966
41998
42011
42014
42041
42068
42083
42091
42127
42139
42154
42196
42197
42199
42204
42212
42225
42226
42258
42280
42284
42295
42334
42391
42407
42427
42432
42444
42499
42520
42552
42573
42579
42656
42718
42720
42724
42725
42747
42751
42752
42761
42765
42772
42791
42795
42826
42862
42873
42879
42931
42939
42954
42963
43003
43093
43112
43150
43154
43182
43200
43203
43209
43233
43236
43326
43340
43343
43369
43387
43396
43399
43405
43436
43441
43443
43447
43462
43470
43474
43504
43518
43532
43555
43559
43571
43588
43625
43633
43678
43689
43696
43705
43707
43751
43758
43788
43805
43840
43868
43899
43907
43957
43968
43987
43990
44007
44008
44015
44039
44057
44080
44160
44193
44196
44203
44228
44247
44255
44268
44276
44299
44313
44322
44362
44391
44406
44409
44413
44414
44422
44427
44438
44444
44446
44454
44472
44501
44516
44572
44577
44591
44604
44613
44615
44670
44683
44703
44714
44743
44761
44805
44838
44844
44884
44886
44890
44933
44944
44991
45016
45019
45033
45049
45055
45111
45136
45155
45181
45195
45199
45201
45228
45249
45266
45279
45285
45322
45336
45342
45365
45392
45421
45422
45452
45499
45561
45564
45565
45566
45567
45661
45665
45693
45727
45728
45766
45783
45805
45819
45875
45894
45931
45945
46022
46033
46128
46236
46244
46253
46267
46337
46338
46420
46460
46467
46479
46549
46560
46591
46653
46675
46695
46746
46762
46773
46778
46784
46792
46812
46825
46863
46880
46918
46960
46966
46981
47067
47080
47096
47105
47117
47127
47176
47189
47213
47258
47286
47291
47346
47358
47421
47469
47479
47489
47491
47505
47547
47612
47632
47656
47667
47692
47694
47734
47737
47768
47773
47784
47789
47801
47829
47836
47881
47882
47885
47911
47926
47948
47986
47996
48068
48091
48123
48153
48183
48194
48221
48235
48241
48243
48263
48298
48304
48315
48347
48352
48374
48382
48393
48413
48416
48422
48436
48478
48486
48502
48528
48550
48593
48647
48653
48693
48705
48750
48767
48783
48785
48806
48850
48902
48906
48912
48959
48970
48989
49002
49018
49033
49053
49081
49093
49130
49136
49142
49150
49154
49163
49180
49191
49274
49292
49319
49337
49361
49419
49426
49447
49470
49524
49526
49568
49588
49630
49689
49707
49739
49750
49763
49793
49801
49813
49823
49846
49866
49884
49888
49894
49912
49914
49928
49963
49964
49967
49968
49975
49993
50003
50041
50063
50071
50100
50118
50123
50124
50149
50163
50178
50183
50203
50257
50261
50356
50363
50366
50403
50431
50449
50456
50469
50498
50506
50524
50551
50578
50605
50609
50610
50639
50648
50678
50686
50689
50698
50704
50722
50725
50741
50752
50789
50809
50820
50845
50847
50852
50872
50896
50899
50942
50951
50989
51107
51118
51120
51121
51142
51166
51168
51174
51175
51192
51193
51251
51274
51290
51362
51370
51375
51402
51456
51462
51499
51511
51512
51523
51536
51553
51579
51581
51595
51643
51650
51653
51655
51659
51661
51676
51701
51740
51760
51765
51768
51772
51783
51796
51805
51905
51969
51980
51983
51988
51996
52009
52068
52084
52103
52105
52110
52116
52144
52174
52175
52180
52182
52211
52244
52249
52262
52263
52340
52344
52387
52411
52417
52441
52460
52476
52477
52490
52500
52505
52523
52531
52585
52595
52596
52663
52690
52704
52721
52743
52776
52782
52784
52796
52802
52812
52854
52860
52863
52977
52988
53012
53042
53047
53070
53114
53128
53143
53148
53226
53228
53229
53251
53269
53279
53329
53362
53386
53403
53408
53438
53442
53452
53454
53460
53490
53491
53510
53533
53576
53594
53600
53601
53617
53625
53666
53676
53679
53727
53745
53789
53802
53811
53872
53875
53879
53882
53915
53933
53990
53993
54022
54050
54086
54107
54131
54163
54166
54178
54194
54236
54238
54254
54268
54280
54289
54378
54394
54399
54407
54412
54418
54422
54466
54477
54505
54507
54509
54524
54529
54566
54575
54611
54640
54670
54687
54709
54710
54765
54800
54818
54836
54843
54846
54867
54880
54907
54909
54930
54939
54950
54966
54979
54985
55019
55050
55051
55064
55109
55114
55137
55142
55144
55164
55257
55264
55284
55301
55303
55328
55333
55361
55366
55369
55383
55393
55400
55402
55409
55417
55466
55491
55506
55516
55544
55558
55563
55568
55572
55576
55579
55596
55607
55642
55675
55685
55702
55718
55765
55767
55779
55795
55802
55808
55842
55843
55872
55899
55912
55955
55960
55977
56035
56046
56053
56054
56067
56119
56186
56210
56234
56243
56254
56257
56269
56301
56321
56352
56392
56405
56458
56467
56476
56481
56494
56496
56513
56523
56536
56538
56571
56580
56587
56590
56611
56615
56625
56665
56675
56680
56690
56693
56723
56727
56732
56769
56781
56837
56852
56867
56879
56886
56894
56906
56922
56952
56960
57014
57024
57026
57043
57104
57121
57122
57132
57155
57191
57208
57251
57263
57265
57298
57302
57308
57310
57315
57347
57405
57406
57417
57439
57513
57530
57539
57542
57567
57589
57607
57616
57622
57625
57634
57642
57650
57653
57654
57658
57665
57690
57696
57753
57789
57803
57856
57880
57893
57896
57935
57936
57941
57962
57968
57995
58019
58024
58038
58082
58089
58094
58098
58117
58129
58147
58160
58187
58194
58208
58253
58261
58324
58359
58392
58400
58408
58435
58449
58451
58473
58479
58490
58492
58493
58499
58536
58551
58577
58648
58650
58684
58725
58744
58758
58806
58832
58850
58854
58860
58865
58877
58894
58920
58926
58939
58944
58990
58995
59025
59033
59042
59057
59080
59129
59131
59135
59164
59199
59203
59277
59296
59322
59331
59344
59381
59466
59485
59501
59532
59537
59560
59629
59679
59724
59734
59752
59768
59783
59803
59828
59848
59850
59898
59902
59935
59941
59943
59946
59974
59987
60005
60011
60071
60075
60091
60096
60175
60195
60214
60239
60270
60295
60365
60407
60436
60441
60447
60450
60451
60493
60504
60511
60528
60559
60581
60589
60595
60613
60622
60630
60634
60653
60692
60734
60737
60754
60772
60794
60814
60819
60854
60855
60868
60906
60943
60954
60961
60992
61001
61016
61021
61038
61049
61085
61099
61140
61177
61184
61188
61231
61243
61254
61275
61276
61277
61300
61315
61322
61327
61370
61374
61432
61454
61475
61485
61499
61510
61513
61631
61637
61646
61656
61696
61713
61720
61751
61769
61786
61792
61806
61811
61817
61819
61821
61829
61832
61849
61855
61857
61871
61921
61926
61940
61961
62026
62037
62043
62080
62090
62091
62114
62180
62207
62249
62285
62311
62323
62326
62341
62369
62387
62395
62399
62433
62483
62494
62527
62531
62676
62708
62769
62776
62836
62872
62883
62892
62917
62928
63039
63066
63074
63076
63099
63100
63126
63150
63164
63168
63170
63227
63229
63254
63267
63275
63284
63311
63316
63317
63318
63328
63333
63353
63420
63422
63425
63448
63464
63468
63489
63490
63514
63517
63529
63536
63549
63554
63582
63583
63664
63677
63679
63708
63732
63737
63739
63751
63814
63918
63939
63942
63951
63954
63979
63987
63994
64006
64019
64030
64037
64060
64108
64143
64153
64170
64238
64251
64284
64300
64301
64306
64318
64330
64353
64450
64454
64465
64469
64479
64481
64487
64510
64520
64577
64591
64643
64644
64671
64687
64689
64700
64733
64738
64744
64756
64767
64777
64821
64841
64887
64898
64942
64948
64978
64994
65002
65013
65016
65019
65029
65051
65153
65155
65194
65206
65241
65289
65295
65317
65396
65429
65437
65451
65466
65492
65549
65571
65579
65592
65668
65675
65682
65714
65716
65721
65723
65733
65742
65765
65950
65959
66007
66046
66048
66069
66070
66147
66156
66171
66222
66229
66263
66280
66281
66288
66355
66357
66370
66371
66377
66404
66415
66441
66481
66488
66560
66673
66694
66726
66761
66793
66839
66879
66888
66891
66929
66937
66958
66970
66985
67023
67037
67054
67072
67081
67085
67087
67098
67106
67115
67120
67179
67187
67250
67255
67266
67295
67298
67301
67340
67346
67362
67370
67436
67438
67442
67507
67539
67547
67580
67591
67609
67631
67639
67641
67642
67653
67655
67694
67702
67720
67733
67745
67757
67771
67772
67777
67793
67825
67850
67857
67863
67950
67970
67973
67982
68011
68029
68032
68035
68038
68052
68057
68067
68143
68159
68178
68191
68195
68207
68252
68258
68281
68282
68323
68378
68381
68409
68416
68428
68447
68464
68467
68496
68508
68524
68547
68554
68582
68613
68621
68628
68646
68648
68663
68712
68779
68801
68804
68808
68871
68881
68919
68926
68931
68938
68973
69006
69008
69027
69080
69088
69105
69126
69145
69151
69178
69179
69198
69223
69235
69241
69257
69274
69275
69285
69326
69382
69389
69397
69433
69434
69441
69467
69468
69470
69489
69509
69527
69533
69605
69633
69645
69654
69684
69688
69721
69733
69774
69791
69803
69807
69854
69860
69876
69903
69914
69922
69933
69938
69939
69976
69984
69989
69992
69996
70010
70026
70032
70040
70062
70066
70074
70095
70097
70163
70168
70170
70196
70207
70210
70224
70265
70281
70282
70307
70318
70328
70355
70434
70446
70464
70518
70519
70524
70540
70571
70580
70586
70620
70625
70629
70645
70670
70704
70725
70729
70745
70760
70810
70839
70862
70875
70905
70920
70927
70939
70946
70995
71009
71030
71119
71161
71163
71250
71310
71388
71409
71440
71458
71462
71468
71575
71676
71686
71706
71712
71716
71727
71740
71794
71795
71860
71886
71890
71964
71993
72011
72058
72069
72072
72085
72121
72146
72154
72161
72232
72251
72259
72262
72274
72286
72294
72315
72367
72409
72444
72460
72464
72503
72509
72524
72564
72565
72572
72580
72649
72686
72693
72739
72763
72816
72832
72866
72897
72899
72908
72911
72945
72957
72978
72994
72999
73022
73032
73052
73053
73059
73129
73139
73158
73178
73185
73291
73322
73341
73370
73383
73391
73410
73411
73447
73466
73470
73486
73491
73504
73539
73554
73593
73595
73598
73601
73623
73640
73664
73676
73687
73699
73706
73710
73717
73719
73732
73741
73751
73754
73764
73795
73807
73816
73890
73898
73940
73978
74014
74054
74088
74101
74111
74131
74139
74159
74178
74205
74225
74258
74305
74317
74326
74346
74365
74410
74419
74449
74456
74521
74550
74555
74562
74600
74627
74628
74663
74674
74684
74721
74733
74753
74758
74761
74770
74790
74810
74840
74842
74869
74918
74950
74953
74960
74962
74989
74990
75003
75015
75065
75068
75139
75159
75164
75169
75187
75192
75205
75212
75214
75250
75261
75285
75336
75393
75422
75425
75435
75464
75469
75488
75501
75542
75548
75555
75564
75568
75656
75671
75699
75706
75712
75737
75792
75797
75803
75817
75830
75852
75886
75917
75938
75953
75966
76043
76054
76064
76116
76132
76143
76178
76203
76206
76269
76284
76285
76292
76298
76386
76388
76408
76421
76451
76460
76536
76551
76604
76618
76649
76678
76683
76695
76739
76748
76752
76775
76796
76807
76834
76835
76843
76847
76849
76897
76925
76938
76946
76982
76985
77043
77074
77080
77117
77152
77153
77182
77189
77195
77236
77246
77288
77332
77352
77370
77399
77407
77436
77437
77442
77457
77481
77489
77512
77514
77542
77598
77603
77620
77640
77672
77681
77695
77717
77742
77783
77818
77852
77870
77892
77913
77965
77982
78015
78087
78088
78121
78191
78251
78254
78283
78296
78306
78337
78390
78400
78440
78473
78490
78491
78503
78528
78543
78546
78574
78600
78645
78696
78789
78797
78814
78828
78838
78841
78844
78892
78893
78915
78919
78949
78999
79037
79095
79103
79137
79148
79163
79167
79169
79238
79241
79242
79292
79360
79372
79377
79383
79399
79411
79418
79446
79452
79499
79503
79581
79619
79640
79660
79666
79706
79713
79754
79762
79766
79769
79774
79809
79906
79911
79927
79932
79938
79996
80069
80080
80081
80086
80089
80098
80100
80102
80104
80152
80179
80209
80218
80220
80283
80294
80304
80318
80325
80329
80334
80343
80361
80363
80378
80381
80384
80396
80401
80474
80510
80543
80560
80598
80606
80608
80614
80626
80631
80637
80704
80735
80762
80791
80798
80810
80812
80824
80832
80838
80839
80846
80850
80896
80907
80912
80914
80919
80924
80927
80935
80940
80947
80981
80984
80993
81016
81031
81071
81080
81143
81164
81166
81181
81185
81207
81288
81383
81388
81398
81445
81498
81515
81538
81539
81590
81591
81600
81612
81620
81623
81632
81647
81686
81695
81750
81752
81760
81770
81795
81815
81828
81842
81870
81898
81901
81921
81929
81936
81996
82004
82017
82024
82038
82052
82096
82103
82141
82169
82198
82218
82219
82223
82239
82260
82261
82273
82327
82354
82358
82363
82374
82422
82435
82442
82473
82508
82510
82517
82531
82537
82560
82566
82610
82612
82624
82631
82645
82672
82685
82695
82702
82706
82720
82746
82758
82792
82879
82897
82960
82987
82993
82997
83025
83034
83038
83043
83063
83071
83087
83092
83106
83115
83128
83141
83150
83180
83186
83205
83222
83231
83263
83288
83326
83343
83351
83352
83382
83383
83399
83400
83420
83438
83443
83454
83468
83475
83508
83513
83541
83559
83594
83617
83629
83654
83658
83701
83706
83710
83733
83734
83749
83762
83883
83898
83925
83941
83974
84020
84033
84034
84047
84050
84065
84066
84086
84097
84101
84124
84128
84134
84158
84175
84183
84193
84196
84198
84207
84231
84241
84284
84312
84321
84339
84372
84376
84405
84472
84477
84487
84490
84518
84540
84547
84553
84586
84593
84638
84655
84657
84663
84677
84683
84685
84696
84702
84708
84710
84826
84849
84862
84864
84904
84914
84941
84947
84949
84986
85022
85025
85031
85032
85043
85055
85075
85117
85150
85154
85163
85220
85254
85280
85282
85300
85308
85317
85350
85355
85376
85439
85452
85453
85466
85472
85519
85552
85560
85565
85585
85605
85649
85678
85696
85708
85736
85764
85782
85825
85848
85856
85871
85885
85886
85892
85894
85916
85922
85962
85971
86012
86030
86081
86088
86091
86093
86134
86139
86149
86159
86162
86183
86197
86200
86202
86215
86261
86306
86307
86319
86331
86350
86359
86377
86380
86394
86444
86524
86532
86570
86600
86636
86641
86646
86664
86700
86703
86722
86749
86757
86768
86789
86799
86848
86875
86877
86916
86919
86922
86923
86929
86958
87020
87049
87056
87068
87086
87136
87153
87154
87179
87201
87205
87220
87247
87267
87273
87321
87341
87358
87359
87392
87410
87412
87453
87460
87471
87490
87493
87501
87520
87538
87552
87554
87559
87568
87658
87665
87732
87748
87772
87857
87876
87895
87896
87915
87932
87956
87968
87969
87972
87987
88055
88058
88064
88068
88129
88160
88165
88196
88264
88265
88315
88327
88352
88380
88394
88420
88489
88492
88546
88572
88586
88590
88650
88661
88665
88672
88680
88689
88721
88730
88765
88875
88883
88895
88921
88925
88940
88947
88975
88998
89006
89020
89056
89074
89107
89121
89139
89165
89219
89230
89235
89281
89328
89339
89340
89374
89403
89452
89466
89492
89497
89500
89501
89516
89540
89575
89585
89599
89624
89632
89649
89667
89727
89735
89750
89753
89799
89808
89836
89839
89850
89854
89882
89885
89886
89932
89933
89960
89970
90014
90041
90069
90081
90094
90096
90104
90109
90127
90135
90151
90157
90160
90202
90206
90212
90213
90217
90225
90242
90272
90306
90311
90351
90390
90405
90426
90492
90511
90512
90515
90536
90577
90618
90652
90654
90658
90665
90689
90693
90731
90749
90767
90784
90794
90796
90807
90819
90820
90827
90839
90848
90859
90945
90946
90967
90974
90978
91011
91076
91095
91131
91217
91247
91259
91262
91267
91279
91291
91337
91352
91365
91384
91416
91418
91422
91462
91492
91500
91517
91523
91552
91567
91572
91573
91577
91607
91620
91622
91627
91628
91633
91644
91699
91725
91729
91741
91806
91814
91823
91824
91827
91840
91842
91885
91896
91932
91985
92034
92053
92064
92068
92071
92075
92082
92085
92096
92100
92122
92157
92166
92196
92244
92254
92266
92286
92336
92337
92342
92371
92383
92388
92391
92411
92418
92432
92437
92479
92493
92504
92540
92554
92576
92609
92624
92673
92676
92683
92684
92700
92714
92740
92746
92755
92759
92769
92815
92818
92820
92823
92842
92867
92880
92888
92894
92908
92917
92937
92947
92951
92973
92975
92986
92989
93026
93029
93033
93092
93114
93140
93226
93246
93284
93290
93291
93327
93344
93348
93383
93385
93405
93411
93423
93424
93456
93474
93480
93493
93495
93505
93521
93530
93562
93572
93576
93582
93592
93599
93610
93625
93638
93641
93695
93696
93717
93748
93803
93850
93864
93877
93946
93955
93961
93985
94009
94049
94057
94061
94063
94072
94074
94116
94121
94162
94163
94173
94253
94286
94307
94309
94344
94438
94448
94493
94520
94574
94593
94599
94602
94641
94655
94694
94698
94751
94755
94796
94808
94822
94825
94833
94853
94917
94920
95001
95003
95010
95025
95089
95090
95128
95133
95146
95167
95168
95173
95175
95215
95222
95228
95232
95252
95285
95305
95314
95315
95343
95354
95358
95379
95388
95397
95444
95447
95452
95458
95461
95497
95522
95540
95541
95543
95562
95598
95636
95650
95659
95717
95726
95749
95767
95828
95872
95876
95920
95961
96004
96011
96019
96036
96048
96052
96065
96074
96075
96092
96096
96121
96133
96144
96153
96170
96183
96185
96235
96273
96331
96353
96417
96441
96447
96454
96479
96513
96532
96555
96576
96595
96596
96602
96634
96639
96656
96660
96661
96689
96691
96693
96702
96733
96755
96763
96768
96789
96792
96817
96869
96870
96874
96878
96962
96994
97013
97021
97026
97028
97044
97120
97128
97132
97140
97179
97273
97291
97307
97324
97365
97385
97395
97407
97414
97481
97535
97549
97556
97560
97582
97583
97604
97624
97670
97683
97684
97718
97727
97744
97807
97812
97819
97832
97844
97866
97867
97872
97894
97897
97908
97987
97991
98005
98050
98051
98056
98068
98082
98146
98214
98243
98249
98272
98279
98296
98361
98381
98383
98393
98394
98413
98415
98467
98509
98518
98525
98530
98531
98537
98546
98562
98570
98575
98590
98645
98656
98704
98727
98753
98773
98792
98832
98835
98856
98895
98897
98910
98918
98919
98954
98958
98960
98963
98970
98976
98980
99009
99015
99022
99023
99134
99156
99167
99175
99239
99250
99258
99267
99277
99280
99287
99350
99355
99408
99465
99469
99514
99521
99558
99610
99648
99688
99694
99698
99711
99734
99770
99774
99821
99834
99846
99856
99858
99868
99880
99883
99902
99905
99930
99975
99989
