251
533
605
1032
1112
1892
1986
2464
3382
3511
3526
3568
3616
3638
3644
4014
4091
4154
4442
4489
4705
4707
4879
4887
4989
5412
5450
5766
6030
6129
6236
6426
6810
6852
7005
7027
7349
7417
7575
7587
7864
7875
7909
8049
8162
8417
8502
8506
8590
9098
9474
9544
9833
9893
9910
10039
10228
10243
10269
10432
10819
10908
11169
11414
11456
11681
11840
12252
12540
12669
12822
12897
13253
13275
13324
13663
13699
14453
14573
14665
15399
15746
15748
15887
15937
16169
16427
16500
16554
16700
16758
16800
16992
17136
17181
17393
17519
17591
17838
17997
18082
18172
18340
18367
18574
18774
18775
19039
19086
19478
19501
20157
20619
20829
21038
21159
21246
21289
21473
22046
22103
22105
22384
22463
22469
22712
22971
23153
23385
23740
23920
24069
24148
24231
24393
24987
25378
25510
25774
25892
26192
26270
26421
26471
26883
27133
27413
27558
27591
27792
27862
28249
28283
28301
28900
29052
29207
29948
30456
30476
30680
30745
31109
31194
31313
31342
31504
31728
31794
31861
32225
32727
32884
32897
32950
33195
33219
33252
33342
33468
33645
33956
33980
33981
34231
34264
34449
34453
34620
34696
34748
34848
34978
35833
36532
36893
36910
36969
37112
37320
38379
38454
38568
38686
38781
38854
39152
39305
39327
39404
39764
40242
40574
40818
41002
41013
41023
41026
41285
41334
41589
41774
41784
41863
41964
42073
42116
42118
42391
42785
43223
43233
43528
43983
44026
44279
44907
45026
45442
45754
45769
46026
46328
46399
46574
46930
47100
47260
47598
47801
47965
48013
48052
48370
48427
48772
48780
48790
48959
48995
49062
49353
49534
49656
50081
50152
50212
50266
50924
51140
51773
52098
52540
52661
52831
52986
53137
53846
55280
55627
55808
55949
56016
56031
56428
56744
56863
57227
57394
57485
57987
58122
58125
58296
58455
58927
58989
59213
60037
60053
60507
60608
60627
60657
60664
61078
61118
61224
61501
61508
61891
62127
62338
62501
62650
62758
63515
64053
64063
64478
65380
65613
65631
66047
66059
66183
66311
66460
66812
66967
67188
67279
67339
67453
67756
67768
67842
68056
68060
68122
68233
68540
68717
68808
68820
68909
69103
69222
69638
69679
69873
69943
70032
70177
70360
70642
70819
71045
71226
71272
71911
71983
72033
72213
72217
72278
72340
72658
72720
72821
73144
73189
73243
73263
73552
73859
73970
74078
74127
74192
74250
75233
75262
75326
75343
75462
75728
75817
76185
76332
76446
76490
76554
76607
76633
77025
77153
77170
77329
77451
77496
77538
77585
77747
77769
78062
78129
78289
78302
78373
78427
78652
78801
79053
79115
79497
79737
79973
80100
80186
80383
80718
80773
81270
81427
82097
82726
83192
83229
83696
84344
84366
84377
84390
84403
86032
86081
86154
86175
86188
86196
86369
86691
87094
87352
87483
87501
87537
87550
87635
88012
88077
88322
88453
88663
89288
89366
89601
90103
91214
92136
92205
92269
92712
92768
92810
92837
92928
92935
93797
93857
94158
94811
95124
95484
95671
95827
95902
95993
96092
96187
96255
96432
96452
96524
96617
96789
97075
97197
97294
97461
97553
97706
97849
98538
98714
99223
99506
99766
99910
