1000 100 100
95065 96332
25039 544
60689 67374
60671 67374
76691 33030
90632 39597
23006 38868
60666 67374
78667 12816
33376 21140
97311 53770
24500 47020
38156 48850
60963 46079
42982 14853
5643 21425
50107 28346
38229 43525
33714 49967
71933 5992
91836 25860
60684 67374
88390 90400
95030 96332
77391 68848
31690 60299
99778 70428
31706 60299
83275 27401
21533 88147
18700 35723
60680 67374
35896 74390
31687 60299
29963 55275
94004 29721
88696 60557
22541 8591
63534 91170
23429 28589
86360 83288
77212 23322
71083 75615
75464 94947
14233 66057
48199 51579
91405 59371
60648 67374
62069 24450
93916 88881
95013 96332
91548 30611
88536 76265
83194 12383
56585 82153
10279 48820
73123 74496
99328 34673
94992 96332
31705 60299
86142 66906
24712 10851
44755 43748
7383 47076
95041 96332
31720 60299
3032 4584
60603 67374
60636 67374
60672 67374
14205 84619
95031 96332
77584 66492
31721 60299
31709 60299
15847 60497
93954 34440
31750 60299
93045 14875
99627 97481
95024 96332
43227 16650
43674 75979
18105 79584
195 34747
38227 63647
24116 32619
75786 11890
69365 77723
55075 74469
95055 96332
31759 60299
95037 96332
486 3489
31580 83455
34048 69668
95005 96332
60658 67374
91964 36869
13085 30642
3380 75399
63977 8316
99423 31784
71979 59515
70502 41970
31246 32071
31719 60299
39119 75988
95040 96332
65238 7055
60660 67374
48159 17541
31750 60299
31693 60299
92784 27298
24371 59450
8156 97457
80245 64321
75431 43419
69723 22150
94951 66260
49290 24889
60626 67374
25137 71255
37575 46232
20740 95560
31723 60299
37815 48759
95003 96332
42487 23762
60662 67374
65571 15126
15965 21309
24596 18886
92905 98978
58447 79110
45992 23545
83595 23160
31688 60299
43948 14023
84690 57701
31778 60299
42905 9984
63952 6102
31766 60299
11418 43293
84465 80118
6547 35582
27596 37751
97765 59886
60631 67374
12767 70424
53720 83899
31759 60299
62389 12905
78779 35614
35319 61759
12410 17003
34636 90803
95057 96332
51067 10326
55994 10476
93260 5302
60599 67374
94999 96332
28856 71267
46321 93413
95034 96332
65895 46311
5989 18862
93594 54123
66113 62171
41324 25035
21926 93883
54701 66193
31763 60299
87210 24049
88011 1319
60604 67374
69518 73779
62191 41437
10595 25284
16090 41743
27453 15809
58114 38376
96321 98911
95045 96332
95046 96332
80589 48815
30338 59174
31734 60299
28232 79304
46054 92770
3005 64633
60667 67374
90199 96148
95044 96332
10751 85438
60690 67374
28805 85877
60296 80000
73669 52798
72006 4627
47527 56521
95044 96332
31741 60299
73009 95595
31722 60299
31724 60299
19543 92299
94913 94820
1541 26950
15717 94611
60638 67374
69786 87964
95038 96332
95081 96332
95061 96332
37841 82585
77726 15584
34791 61984
95058 96332
94994 96332
22987 62467
76136 37527
31723 60299
52373 99223
31719 60299
31710 60299
31697 60299
97737 42850
87972 78474
28725 72207
60676 67374
95070 96332
60597 67374
86441 5822
75296 52906
60687 67374
3411 48557
38041 5974
94646 68175
49374 44375
60668 67374
42424 12242
10535 58511
93683 82672
92265 39632
60639 67374
60615 67374
26695 13855
95242 83644
60600 67374
93572 97777
95062 96332
84491 65315
77559 94445
54059 570
31741 60299
9893 33407
10725 33379
80305 30391
82534 66042
43744 79876
8961 36506
81266 4021
31492 3378
74551 39967
60605 67374
54335 3929
60623 67374
75012 97640
68500 42243
57056 75078
60616 67374
50731 96288
60622 67374
52217 95879
72759 30338
31763 60299
86010 42416
31710 60299
37599 23872
95015 96332
90089 94831
31712 60299
9865 11763
18709 57861
31776 60299
221 75032
96643 24055
68459 43211
31702 60299
31705 60299
47754 18111
95032 96332
27068 4192
13797 47540
95022 96332
31743 60299
60613 67374
98464 15964
94996 96332
80978 32133
69007 14692
95032 96332
14085 15901
76795 38592
60675 67374
95054 96332
56659 34616
47698 73572
83866 44126
81220 32245
95031 96332
85351 87338
22865 16774
31691 60299
88495 16419
20429 55693
76018 35985
31686 60299
31692 60299
75226 15829
41805 68055
46470 26133
61622 84103
58068 92013
94999 96332
92883 24412
47525 99711
91081 47822
48120 39820
45361 24351
73865 31162
93341 70415
31759 60299
60678 67374
35081 45004
49462 77455
10286 83997
62686 4058
97038 14957
95059 96332
52512 82157
60636 67374
56329 9970
23601 73414
95037 96332
30899 67554
35258 31433
10485 5735
17152 83807
94992 96332
15575 98534
60594 67374
95001 96332
40303 98770
13313 25190
31739 60299
31712 60299
84327 42573
8246 46353
50813 42596
85411 77783
98715 32018
60660 67374
67085 84731
62169 33688
70511 47926
80423 12481
5772 94700
31703 60299
2852 50259
33361 68068
59635 39404
23772 23294
22595 47413
81714 58264
31756 60299
24978 72521
60630 67374
13307 21501
95012 96332
95078 96332
25079 63474
60661 67374
95081 96332
79451 37022
99574 4309
60655 67374
91619 97672
68889 48178
35978 92723
56214 40874
34169 25158
36035 15254
32036 39835
64226 49712
23480 78363
41172 84345
95032 96332
60678 67374
95030 96332
1616 13257
91452 73069
70721 66917
31700 60299
36153 49584
34209 12867
58988 75440
29695 33859
33515 7462
60686 67374
60661 67374
87117 94384
44821 26660
60913 23795
32298 28435
3499 92871
95001 96332
60690 67374
86016 70527
7889 86475
72441 33985
90364 91022
60638 67374
63387 27301
14894 33419
17852 87856
34417 1426
72629 22023
95061 96332
81292 70033
60599 67374
95044 96332
95078 96332
6230 96777
52538 25216
22158 12248
31726 60299
94943 50043
31755 60299
60646 67374
80482 7267
91698 99917
44641 91648
58406 22303
41273 74169
95048 96332
60632 67374
73409 83098
94728 27938
60634 67374
25788 4090
89135 54089
93030 46028
60627 67374
24851 2063
58738 41182
95046 96332
44528 3174
60663 67374
83294 92325
60677 67374
94999 96332
42225 61747
60667 67374
95024 96332
64213 32284
62247 1142
4103 91075
27038 18332
95034 96332
31348 32326
50485 53248
8165 75774
94993 96332
57159 85253
31768 60299
79273 84971
21455 93118
97241 57933
57423 6100
80360 62698
60644 46689
69912 17918
2867 89140
64441 16651
60427 24887
47821 37942
6054 48601
52219 72761
66374 41038
92091 32416
48075 78203
95062 96332
4740 2293
90086 40526
12154 23482
66319 93269
32554 54228
40604 36921
31768 60299
60624 67374
95036 96332
36609 98955
72295 77495
29683 96888
95019 96332
49492 52399
79108 78333
9069 93287
60895 93807
94582 38703
32029 30186
60663 67374
96512 57309
59743 59973
13998 37993
37832 35935
45449 70334
25344 18178
40231 7461
24633 656
11023 6366
94631 6845
30945 52364
95023 96332
95074 96332
60626 67374
8205 65656
97221 1978
31705 60299
34990 24052
86931 3721
95446 85546
95042 96332
79429 12238
31724 60299
90321 74719
45635 62780
60651 67374
78337 98986
714 95426
15867 59295
31757 60299
31697 60299
3608 52483
86427 89951
97574 85209
58239 77409
66632 30291
31690 60299
20481 82738
95025 96332
24400 73011
60623 67374
36299 93752
53031 86351
95028 96332
70057 41314
95012 96332
96567 17407
31732 60299
94997 96332
55376 46018
17664 37365
95849 65982
61463 59471
96419 16818
60604 67374
71534 79063
78406 77669
36700 4371
31775 60299
94870 64510
18925 16065
26058 49555
2241 17426
80569 77814
27338 97143
25590 21581
78095 36995
80685 75361
31747 60299
31714 60299
85514 77971
12204 77132
62968 60577
31757 60299
274 50132
80973 42018
70067 39576
65230 85641
31744 60299
35481 56959
49588 66140
95013 96332
14788 8991
84463 37882
95011 96332
32242 80662
60620 67374
31717 60299
31733 60299
95081 96332
31711 60299
84324 6459
95014 96332
89338 85656
60592 67374
60688 67374
93617 34957
1434 5158
30056 99823
86684 55655
31698 60299
95042 96332
60595 67374
95055 96332
16807 48637
56070 52383
93523 58177
31759 60299
5597 33196
26882 16685
77335 63830
78043 42743
95004 96332
50033 10298
18557 62677
99612 27256
94336 83441
59043 20439
62153 45542
60593 67374
47018 89176
66234 51171
23854 41080
29800 72937
20589 54834
31904 26201
74623 42798
55549 12606
60639 67374
55481 25629
31715 60299
30558 79908
74523 64812
16349 86411
31780 60299
55711 41864
60645 67374
24220 17465
48994 50310
31758 60299
74762 36352
95087 26675
57298 70847
45476 6516
4189 18703
94881 30027
59253 36785
96636 5270
95077 96332
48434 9939
29601 98007
17133 35459
36303 26162
50876 82544
86222 13017
60355 59825
99840 85035
98531 6527
51241 12437
60595 67374
35505 19371
42104 63914
79240 53589
60592 67374
8758 3504
65296 9298
60678 67374
31771 60299
31750 60299
30200 75066
86008 24812
13694 10504
60654 67374
31733 60299
54099 49960
30980 99320
52857 24507
46593 73389
86934 44744
18477 20559
86325 38509
60644 67374
56114 92966
95645 18384
64190 67451
95082 96332
60680 67374
13911 85843
32627 48593
38278 29639
2376 24326
49645 41416
69464 10777
31768 60299
69486 27696
86400 43848
2333 24711
15074 10792
15281 3951
31783 60299
55788 36832
60654 67374
31688 60299
49262 6171
86866 38976
91348 30325
94994 96332
10225 80112
61745 35153
16106 14350
76128 32525
6293 61761
60663 67374
68230 93778
96326 65449
17658 21057
60548 72084
31729 60299
24457 72063
41888 30027
77827 15963
95026 96332
47245 31527
1080 15871
72717 69818
15020 81320
16667 49832
99766 36513
60606 67374
76608 32985
74221 95345
73029 28290
65111 68834
60611 67374
60748 45866
88227 24690
89379 2727
56766 63541
29063 97343
38684 20618
60663 67374
60644 67374
8225 26806
45574 77237
16242 84302
29487 64847
73167 59382
44519 89275
27719 93940
89254 77460
31703 60299
17704 47292
12670 41955
34426 6959
93867 55442
60621 67374
55318 57958
69998 81818
31716 60299
51469 20052
604 98186
53069 27265
96681 18817
53789 50905
94998 96332
31784 60299
38720 99825
77362 95514
89525 17348
39911 99296
31749 60299
20259 95852
65074 76435
31061 4850
36929 79596
58353 87295
15619 15968
2236 79771
13671 75170
18572 66590
59953 68273
95064 96332
58452 37309
50241 50517
79934 33343
50296 20596
41000 41588
31779 60299
31751 60299
31730 60299
26638 93857
60622 67374
80328 36871
95133 12519
38963 66492
95076 96332
58556 52979
1430 56871
31773 60299
31755 60299
31725 60299
75122 9355
59367 49135
57046 30544
48541 9789
47552 54294
47344 48347
79640 19383
19067 16325
31703 60299
82427 77667
14886 40448
63340 11223
31729 60299
95054 96332
77036 85646
71663 47421
88777 97215
54597 20051
44025 79322
31715 60299
24734 17854
95046 96332
38938 34736
31689 60299
52795 49946
60606 67374
31783 60299
60657 67374
40202 14453
95078 96332
97274 3108
31721 60299
66924 13418
90829 52370
38502 63228
9174 63062
60606 67374
62682 54652
89819 58728
95012 96332
95010 96332
60765 37067
16808 47151
41659 25864
81049 45531
21082 42162
54602 29581
95065 96332
65286 35769
60631 67374
11825 53578
65740 26072
60666 67374
51865 28301
92236 62172
55941 97559
95008 96332
85999 24323
95043 96332
95003 96332
87730 89477
95073 96332
31729 60299
39590 71039
60686 67374
63793 98290
61010 44559
59646 58040
96328 60786
41354 76295
94986 96332
95075 96332
61463 23577
42265 95283
1848 10908
79549 64197
32653 71777
63154 77029
60598 67374
34704 6623
28275 27332
42746 25698
46905 61997
1935 6921
95021 96332
6023 68338
94886 96521
28474 25912
31765 60299
60205 86748
19395 96136
31695 60299
38832 63363
96907 30947
84392 76052
79649 29456
60499 14232
33846 89417
60673 67374
60666 67374
57574 67134
43762 14381
38163 81945
82471 37898
92506 30121
65056 3843
32937 22386
70155 70360
57570 52710
31715 60299
21181 3000
65705 35199
906 36978
61602 96134
94994 96332
18501 80146
45968 72298
9188 54733
30278 37998
60665 67374
90683 54096
95059 96332
60647 67374
95012 96332
95020 96332
60690 67374
60624 67374
86073 71288
54463 95927
60616 67374
73888 16181
70533 32854
94988 96332
7797 33292
7367 37534
31768 60299
33498 9588
31784 60299
95058 96332
45413 73097
57669 67932
50116 55526
68494 58005
41292 88602
60678 67374
7453 12375
60598 67374
66189 9391
78991 16973
55816 76162
60600 67374
27057 70069
49799 29712
48267 20067
36066 59785
60671 67374
31765 60299
95083 96332
60638 67374
31708 60299
50585 935
62044 2954
3208 74438
35717 59805
60640 67374
60645 67374
31703 60299
31775 60299
26740 90444
35560 43939
92015 75651
95031 96332
26456 35248
41289 63156
54665 3289
5383 5155
95003 96332
31778 60299
12026 42336
95016 96332
71233 11193
56961 17860
