1000 60 10
52097 21529
17916 78607
57881 81347
30018 64929
32785 35607
21474 48670
55728 89467
31195 70961
22420 51439
78456 3818
74296 16141
80333 48476
65654 61044
50297 78656
86797 27176
26085 42406
65967 71260
76097 76101
16264 99888
49891 23100
44194 76237
82031 85538
74429 1770
81022 52392
68482 6736
42065 30997
55589 6155
7085 16088
9627 67666
54721 43138
69121 92014
48107 47983
26368 11120
80321 48476
60727 79038
75141 85353
19404 62207
28855 7796
39980 27380
52819 24905
89361 39595
69795 2039
36353 47475
80257 46174
66031 67697
34515 10348
35170 92167
41991 88243
33826 64000
13029 61717
26015 67591
2145 12549
45335 70572
66798 82862
84540 46425
64840 80414
82232 32167
52465 98230
54684 20576
62523 84879
3378 59148
96448 51561
10407 4016
38343 4210
33040 58931
55648 87032
64007 82140
71628 94749
78315 64411
83517 41849
31958 96989
18882 61137
29477 88448
36446 4201
91562 46279
9919 11263
12672 2445
91752 79372
67304 94201
7507 32702
31888 90462
53531 49609
91002 76224
34956 17469
98241 40957
33241 9712
22310 88301
50269 78656
81690 8059
24998 52167
30234 90915
67699 54940
8421 17080
11319 64798
12562 74850
97652 4986
69418 39373
15232 87480
98426 7652
50948 38924
41741 14544
73086 94413
97735 49055
35539 88581
33057 85349
24640 22049
90956 76224
98182 4888
49143 23019
7508 91475
60209 78819
42965 91763
8280 51938
31729 33100
96681 72843
34907 17469
4201 8464
7506 32702
30648 54723
12032 41823
5700 64876
50294 78656
1134 13261
62489 83149
36916 6295
30348 61218
11295 64798
25006 85086
84293 46451
93135 49657
97948 99334
29445 51894
50303 78656
91102 84756
46582 47324
33249 9712
85057 61400
80326 48476
93046 81006
89904 99267
51232 53117
39992 27380
10812 76591
80965 8346
929 71383
78500 68145
48585 30336
60617 4420
89470 67051
63606 65560
4172 80960
55004 9043
24603 85177
4278 85502
24619 85177
74731 58582
15316 26736
36911 89120
77193 43212
81985 85538
5382 25298
81336 298
33233 9712
36411 48326
50987 38924
80344 48476
3471 89938
34915 17469
29774 47294
2643 61861
66737 62871
36351 95712
25174 21378
52545 54668
80871 83118
26608 63892
69269 45678
68070 55829
46489 33594
61708 52440
77991 70991
36853 99333
76304 63316
32078 64038
96578 73132
65500 568
90466 12187
26025 67591
78460 3818
45026 2549
24304 40598
59524 45974
11305 64798
89619 57435
19695 6175
79881 23239
76732 55379
84743 93841
16452 35315
18753 96640
33207 9712
35153 58067
7670 60165
37414 88852
13187 51675
55271 80993
45522 23559
55269 21576
70240 13611
54362 89789
98970 78472
58876 37446
45819 54357
76318 16312
3268 99154
88183 65110
48270 49347
50266 78656
11303 64798
74376 91510
1201 20729
63443 72574
50990 38924
47667 6253
39584 79062
91040 36214
77236 82788
5179 77865
58075 22719
76571 31878
63482 8946
39787 16749
74038 37570
74562 55807
76010 77616
56665 33206
86401 95565
83554 26098
55477 56277
12830 61754
80349 48476
95477 24782
79807 72708
95917 99837
56345 25112
63956 24095
1490 73579
66661 5540
16280 99888
91306 94450
79453 16246
21020 89520
90975 76224
56739 59814
28645 67531
50993 38924
11816 27326
32029 21999
16906 27121
8773 6600
5011 42803
16264 99888
47236 67142
50301 78303
32592 40642
27181 53377
34312 94193
70471 72321
59540 84130
3854 16145
93594 38420
55553 80426
36333 47475
27903 30993
97155 65601
11269 64798
13311 41556
88194 97245
34358 29531
62460 23400
13958 2440
86538 2884
62135 82904
7549 32702
7552 32702
3760 13375
58192 20108
36869 53038
16254 99888
51718 48473
44666 67174
19039 46177
67244 44212
21043 89520
17397 31053
7348 46826
89980 62958
89666 8681
39989 27380
46776 16583
16392 46621
55307 26962
53424 33639
29812 38026
77854 37699
63517 78721
36882 53038
61047 62640
50316 44148
91139 42854
80356 48476
78457 3818
20150 18226
53519 14369
38950 4920
38952 98756
51326 39231
91409 42331
30128 81257
45870 47694
83461 28858
53073 92859
77957 47995
38553 51366
20823 44721
34907 17469
6931 95481
36893 21382
23930 67293
23076 53773
19280 77478
95479 91163
83356 62495
53858 12987
89044 96848
81986 85538
48042 56130
34487 99109
21001 89520
78810 88658
71500 3034
44578 35321
83433 29822
20306 24761
88345 14928
70416 71811
51612 68754
20923 41633
39968 27380
10098 69643
45265 82506
55631 88114
15722 36616
97589 50658
70322 35327
74294 68014
51337 51490
82389 82493
47251 69805
91276 1305
33240 9712
49872 3033
51968 31246
98180 3438
50540 50729
63053 15430
12409 28266
26038 67591
17032 8236
50253 33571
34924 17469
54250 72788
8245 68099
56803 85557
90066 6390
75208 5538
82039 85538
6158 24314
14324 96602
39989 27380
72300 94248
77635 40336
52854 52647
39995 27380
80970 8346
11205 52263
32596 9471
86998 65235
36356 47475
24353 705
50067 22382
11514 88124
16246 99888
7508 50184
586 94007
77847 62935
84411 8863
61090 60977
1272 18919
31992 45111
46906 67971
66994 43695
33248 9712
9531 84686
26010 67591
33248 9712
77129 66979
3313 16456
38309 41054
73 14658
88771 50651
26007 67591
30632 1173
96711 84086
91509 72117
26042 67591
16303 99888
7510 33947
82027 85538
18855 66326
21093 16820
20111 53519
32958 97322
36361 47475
51449 81823
836 83786
7834 64125
53692 26914
23423 78043
86506 62187
38973 66260
14794 12503
2658 44262
6835 4893
59157 74369
96992 53861
82863 94365
24579 85177
97731 45340
18179 68737
24587 85177
35615 58552
6248 36274
4255 17644
7525 32702
29311 66754
18475 97129
86506 15047
62312 98119
24602 85177
71302 93286
53504 14369
55741 91705
61297 61450
81988 85538
95393 31022
60180 51782
7044 7943
13897 63104
35926 3312
53497 14369
56556 25094
61579 18865
79149 83352
84605 87368
97593 95716
16739 99850
80957 8346
54296 58941
54199 52633
7322 69171
93907 50507
23317 30936
12067 93224
24625 85177
593 36377
15045 47892
60328 53501
50263 78656
29543 23417
21011 89520
21035 89520
93729 55698
43866 74735
27683 38135
81047 88534
90453 12187
7530 32702
83382 14356
91506 37272
80036 11618
46433 25217
80925 8346
85356 42234
40021 56489
99797 61036
14634 76296
50309 78656
93350 13867
16370 65261
17831 47018
34922 17469
15260 41459
86715 78840
47863 48848
56664 84028
88757 97960
36382 47475
90985 76224
50943 38924
14306 97009
18189 13091
90960 76224
50967 38924
53502 14369
91661 63766
6902 94087
60353 24588
57162 28061
9183 10164
22099 51676
90445 12187
2070 91377
21490 82191
94208 49033
31075 87909
56835 27146
2069 97096
49604 38080
45729 32319
39261 5488
12653 49755
54136 82978
69107 61986
50647 93004
11687 75392
33239 9712
76563 4518
8753 83457
95317 38735
84934 46007
73572 75378
34325 79828
90480 12187
36658 83151
2890 15424
42619 41242
93261 73701
74676 52141
53496 95505
91607 53330
91004 76224
56235 19599
49598 95353
85298 97128
31185 3136
93627 78297
39849 50413
12566 3444
16270 99888
48466 37547
36840 53038
36833 53038
50312 78656
13862 81293
71120 17147
36323 47475
2757 85235
41125 97166
50999 38924
33193 9712
21005 89520
55434 85618
52680 39744
21047 89520
13492 40143
81564 9513
80307 48476
78450 3818
39966 27380
13374 7559
36871 53038
52124 98261
9225 4079
29726 97353
94917 62677
68854 90312
99971 98458
18104 89747
24597 43430
24598 85177
62648 79578
70086 30637
75373 21226
21032 89520
36836 53038
5791 55316
78449 3818
65031 72068
31577 51813
81553 22037
96854 4088
66565 47370
52532 51111
36842 86912
19538 71406
30735 52327
81812 35181
85987 98636
90480 12187
65842 24162
95000 76527
46594 5012
10184 42141
58584 41540
12858 91039
86809 6236
99617 8371
59554 34798
78632 10360
93181 98361
6074 63557
68667 48794
85434 88324
30014 45245
36204 94215
36856 53038
16657 78951
37277 97295
78492 3818
77706 41531
31637 66152
52543 82245
23144 77953
52147 93529
46958 21158
91002 8857
14439 43968
93468 50936
37699 19292
21053 89520
97033 63930
62837 49175
62355 76413
93144 11315
68560 35363
51710 88759
2290 36454
82002 85538
67715 61804
40407 91507
23010 25935
78087 82695
36371 47475
16900 97871
53496 14369
50786 56627
90274 95268
10337 90054
25122 90893
81923 750
60261 2312
11291 64798
67578 15271
90811 94720
7988 17481
49764 70023
80818 53638
33204 140
67342 94763
50961 38924
96906 9877
26000 67591
52330 82595
3514 61911
82007 85538
16387 84823
52525 73918
11436 50866
14228 14509
60511 95349
77871 99351
67952 99202
86462 7640
90954 76224
34905 17469
21402 80032
77190 23833
67466 9603
95986 24696
79647 13805
67318 857
90455 12187
34500 37947
90621 67805
68363 91202
37645 2611
80053 33236
12116 38074
61718 24848
74540 55970
65089 31616
91190 15688
1734 44841
15018 10925
80967 8346
94276 28069
43381 68129
36876 53038
90186 165
35685 19483
35068 63641
94555 44068
72898 6625
85200 69136
93802 28190
99481 45075
99783 50696
57940 62630
82006 85538
57941 9029
16131 69906
86029 17761
34176 35665
77183 56198
72784 54517
99955 65347
11265 64798
73229 78772
5942 29916
34929 17469
78504 3818
16252 99888
10494 78335
24318 86578
33957 56982
36381 47475
51193 58070
97240 54889
1896 30305
80355 48476
92145 44690
88006 49488
17633 44511
5186 25921
52752 16871
80031 90693
26338 80283
58460 45241
42148 29383
37164 46399
15144 71488
95848 31189
70056 21111
86197 11589
81455 49591
7876 62902
23048 28860
30657 57452
26048 67591
90977 76224
76958 96129
78471 3818
63360 65874
85957 89139
90460 12187
32308 79548
71782 9612
34908 17469
59856 35121
5832 85450
22471 40268
68038 20753
62118 4245
47671 9463
21283 55545
93952 44903
36372 47475
17378 86329
91360 81866
10693 75497
4032 3898
76079 52577
31405 11370
36853 53038
78447 73388
48726 12887
85273 71384
4422 261
95984 29854
344 63897
14115 27312
96889 65031
9728 55133
50509 80864
16148 22905
45380 54853
36847 53038
90655 52250
18678 88029
30523 86189
50884 38147
82598 66182
81994 85538
18933 46193
89480 64697
95051 94265
37698 50979
7509 32702
24620 85177
16816 43965
68512 13728
46084 50899
79493 33263
17068 76566
53494 14369
7538 32702
51976 17685
78460 3818
50312 78656
94362 5622
3259 67081
19733 2052
81547 96106
2940 51386
28820 67728
92299 37612
78564 18530
90490 12187
60504 62138
46027 82308
90488 12187
26134 23222
80437 37931
59691 2229
39994 27380
91822 41165
52437 96036
87504 15639
50304 78656
90732 30642
87736 48613
63798 86473
49360 12621
53481 14369
19120 81109
8548 21692
4860 14049
55953 16637
60025 35627
84181 59385
85822 85689
39975 27380
66760 35467
80958 8346
80949 8346
3655 85733
30389 19393
75533 14534
80937 8346
49803 31435
24579 85177
14497 2705
61731 53717
10550 86213
34911 17469
95306 87850
16288 99888
811 98706
99050 66254
51987 24933
50049 52605
26002 67591
57316 39255
54092 66498
53477 14369
50975 38924
95518 93888
72793 52445
25592 29213
15693 98679
46433 49188
88461 88801
53492 14369
83013 71264
98483 43275
13349 48204
11006 39211
13613 26918
56651 22614
95112 67985
81080 85809
69731 13917
20876 84484
26550 60539
14633 95541
55758 37235
3120 53214
90454 12187
71015 47729
17881 29554
80306 48476
84301 5458
39646 59958
80313 48476
79308 74579
96608 32812
80955 8346
97995 29113
5703 67975
21023 89520
26183 25739
86466 21360
23222 15938
75986 55423
88280 35662
98546 90180
8062 91838
87171 22219
60421 43230
33711 27014
60638 99681
61052 69986
80939 8346
7549 32702
86007 46855
38642 7491
90290 40789
96658 26217
75879 51340
90999 76224
76033 4629
72296 89540
11357 15489
74791 92844
2805 63846
56665 26795
55775 6798
33193 9712
62341 71092
7487 14619
16255 99888
90506 95021
29920 60140
24591 30071
81990 94656
35277 98644
9988 86115
11285 64798
7535 89188
85579 65409
19923 47575
11767 89080
39991 27380
91475 24889
52312 84637
64404 2120
25876 89564
20276 13406
13008 83129
44529 33592
88211 71669
3459 19619
55463 48985
87151 25881
77876 96656
50987 38924
26401 94994
24603 85177
83569 97272
33692 1173
54614 4033
46357 44761
53502 14369
4091 87107
3477 43117
98613 28495
78451 3818
95148 81738
89187 49870
90995 76224
64379 89695
11288 64798
96134 1998
97285 50365
67443 65569
36365 47475
60659 47054
40401 43236
36886 40784
18990 81556
10312 60863
18686 20718
33569 76256
11109 7488
2443 90882
26036 67591
22564 27770
7524 32702
11309 64798
