1000 500
-29
-707
-682
-54
-400
-526
-888
-428
-936
-392
-165
-653
-46
-863
-184
-712
-478
-387
-917
-977
-318
-796
-497
-377
-852
-744
-902
-706
-675
-1
-324
-705
-709
-6
-760
-419
-533
-957
-156
-779
-349
-322
-741
-396
-495
-926
-108
-283
-623
-335
-260
-941
-441
-67
-318
-293
-812
-220
-309
-797
-532
-944
-501
-551
-951
-571
-280
-794
-528
-747
-573
-878
-69
-314
-584
-875
-550
-2
-468
-482
-648
-729
-423
-89
-106
-742
-693
-918
-272
-2
-715
-114
-947
-526
-976
-207
-406
-566
-1
-244
-312
-884
-431
-692
-508
-325
-876
-367
-327
-344
-850
-285
-382
-273
-684
-489
-325
-377
-407
-908
-689
-431
-22
-636
-267
-308
-152
-674
-875
-464
-227
-187
-348
-659
-879
-165
-985
-64
-843
-622
-409
-2
-216
-792
-586
-901
-280
-912
-278
-998
-129
-277
-429
-462
-913
-5
-771
-65
-990
-956
-530
-217
-142
-187
-877
-331
-663
-170
-396
-506
-102
-806
-819
-319
-907
-405
-530
-187
-627
-117
-495
-757
-395
-924
-219
-618
-239
-300
-994
-229
-256
-833
-446
-709
-20
-633
-350
-994
-113
-747
-810
-215
-862
-629
-845
-769
-34
-374
-266
-972
-492
-762
-729
-197
-996
-258
-815
-235
-869
-809
-464
-125
-642
-220
-143
-973
-854
-494
-967
-276
-240
-777
-492
-412
-716
-647
-491
-60
-21
-67
-32
-824
-830
-71
-20
-134
-330
-145
-370
-199
-955
-144
-634
-596
-675
-778
-569
-838
-272
-845
-114
-823
-932
-917
-545
-647
-564
-346
-708
-895
-414
-49
-28
-243
-121
-49
-688
-761
-505
-368
-270
-459
-512
-905
-55
-497
-993
-935
-335
-574
-780
-760
-707
-711
-677
-561
-668
-240
-908
-686
-445
-321
-736
-474
-875
-857
-833
-563
-618
-338
-932
-889
-798
-754
-102
-163
-250
-405
-407
-896
-980
-187
-655
-996
-208
-332
-557
-186
-883
-465
-872
-328
-96
-608
-802
-972
-775
-945
-845
-393
-283
-776
-591
-80
-530
-694
-554
-90
-409
-962
-986
-698
-458
-641
-694
-977
-283
-561
-162
-165
-26
-344
-804
-432
-953
-916
-404
-727
-861
-248
-430
-143
-334
-21
-534
-174
-25
-398
-264
-434
-359
-250
-132
-127
-201
-136
-104
-795
-698
-577
-961
-34
-922
-73
-467
-874
-990
-180
-911
-850
-739
-341
-303
-73
-672
-147
-248
-7
-546
-513
-752
-215
-73
-885
-343
-585
-331
-757
-379
-29
-334
-650
-63
-565
-724
-841
-749
-22
-21
-970
-182
-70
-311
-796
-144
-293
-944
-702
-300
-800
-215
-52
-324
-598
-246
-978
-493
-578
-735
-873
-917
-378
-832
-290
-253
-866
-131
-2
-889
-462
-973
-71
-533
-594
-868
-677
-196
-121
-379
-497
-921
-905
-860
-555
-813
-416
-533
-615
-303
-267
-488
-220
-956
-630
-511
-209
-495
-953
-522
-694
-415
-495
-765
-257
-399
-943
-244
-596
-63
-934
-403
-294
-148
-572
-159
-961
-989
-693
-576
-292
-270
-374
-823
-536
-313
-334
-746
-809
-596
-578
-503
-11
-383
-578
-269
-782
-830
-824
-688
-203
-758
-90
-498
-906
-663
-968
-176
-962
-661
-753
-253
-931
-437
-386
-467
-751
-720
-522
-870
-316
-100
-682
-638
-793
-570
-216
-575
-400
-40
-263
-604
-107
-664
-412
-13
-637
-380
-190
-598
-40
-253
-161
-281
0
-548
-58
-60
-578
-581
-931
-204
-991
-923
-842
-784
-492
-368
-669
-202
-719
-242
-806
-827
-906
-218
-841
-853
-598
-341
-451
-949
-595
-923
-540
-595
-470
-599
-656
-358
-489
-897
-562
-480
-128
-714
-574
-621
-82
-553
-133
-111
-796
-940
-938
-11
-467
-88
-173
-375
-429
-935
-324
-334
-857
-865
-239
-637
-774
-896
-996
-263
-101
-558
-53
-230
-272
-938
-161
-665
-491
-295
-776
-596
-544
-23
-918
-11
-112
-91
-387
-852
-25
-21
-185
-883
-196
-425
-830
-971
-630
-826
-233
-41
-693
-287
-582
-275
-224
-53
-940
-25
-659
-25
-622
-203
-49
-539
-525
-472
-631
-913
-323
-967
-244
-509
-850
-441
-244
-680
-411
-875
-815
-955
-917
-508
-242
-499
-784
-777
-553
-33
-802
-211
-369
-734
-725
-729
-273
-249
-200
-213
-162
-834
-180
-716
-653
-339
-157
-898
-19
-569
-772
-835
-524
-999
-653
-75
-807
-746
-162
-670
-89
-965
-882
-458
-698
-916
-497
-281
-165
-7
-495
-638
-842
-985
-354
-495
-324
-511
-392
-344
-390
-474
-488
-223
-783
-451
-609
-590
-197
-772
-259
-286
-45
-451
-54
-53
-367
-552
-335
-843
-559
-139
-790
-711
-124
-144
-205
-449
-966
-908
-103
-665
-692
-902
-198
-475
-352
-808
-64
-860
-580
-634
-456
-936
-395
-511
-990
-71
-372
-634
-915
-241
-774
-705
-953
-208
-158
-468
-658
-124
-376
-762
-99
-378
-663
-298
-853
-325
-106
-227
-185
-996
-171
-641
-932
-567
-462
-230
-639
-835
-865
-553
-76
-949
-568
-338
-157
-727
-807
-816
-160
-492
-888
-260
-871
-861
-558
-33
-186
-975
-571
-681
-280
-743
-322
-521
-309
-94
-752
-949
-929
-927
-812
-315
-876
-379
-654
-33
-416
-770
-159
-577
-572
-357
-146
-753
-217
-14
-786
-714
-990
-357
-395
-269
-409
-27
-791
-719
-121
-853
-978
-360
-780
-789
-676
-656
-478
-639
-1000
-895
-719
-469
-781
-291
-827
-928
-44
-354
-943
-140
-67
-933
-807
-773
-512
-216
-109
-613
-936
-541
-466
-223
-902
-246
-12
-888
-212
-801
-837
-522
-695
-866
-992
-476
-157
-818
-404
-511
-172
-657
-652
-550
-900
-769
-632
-411
-986
-742
-334
-231
-593
-800
-454
-805
-356
-777
-2
-878
-577
-839
-400
-272
-705
-391
-58
-171
-519
-773
-683
-1
-430
-645
-551
-330
-413
-493
-51
-709
-545
-385
-940
-138
-495
-394
-944
-161
-481
-947
-39
