1000 499
-76
-75
-168
-210
-143
-922
-640
-650
-979
-365
-591
-716
-647
-144
-394
-122
-930
-168
-581
-17
-452
-292
-206
-243
-765
-33
-704
-162
-835
-748
-172
-221
-133
-651
-742
-276
-883
-381
-927
-861
-747
-828
-577
-394
-972
-972
-827
-902
-450
-717
-229
-212
-9
-436
-456
-774
-470
-469
-937
-615
-527
-419
-837
-661
-379
-888
-938
-262
-579
-173
-123
-326
-1
-10
-30
-974
-292
-167
-185
-742
-885
-415
-264
-894
-852
-720
-978
-631
-499
-224
-246
-26
-953
-392
-688
-332
-280
-625
-905
-860
-799
-337
-496
-801
-658
-837
-83
-950
-4
-269
-1
-889
-994
-266
-92
-846
-296
-380
-787
-105
-915
-32
-132
-177
-735
-820
-820
-15
-755
-724
-185
-864
-61
-992
-975
-720
-829
-368
-980
-834
-637
-291
-32
-631
-867
-435
-787
-473
-125
-573
-578
-39
-916
-20
-217
-651
-150
-36
-977
-215
-70
-162
-79
-132
-154
-363
-162
-293
-732
-451
-437
-679
-743
-779
-620
-920
-214
-406
-392
-339
-289
-280
-689
-205
-301
-907
-166
-451
-253
-143
-977
-324
-616
-55
-767
-80
-729
-238
-374
-771
-690
-121
-759
-743
-901
-379
-662
-424
-95
-364
-764
-385
-645
-453
-901
-256
-670
-67
-17
-232
-521
-994
-557
-137
-359
-633
-528
-398
-872
-212
-479
-562
-333
-238
-615
-234
-617
-277
-969
-713
-952
-733
-407
-907
-496
-308
-162
-165
-375
-490
-398
-206
-794
-265
-653
-153
-208
-181
-862
-390
-393
-340
-953
-727
-579
-877
-271
-196
-154
-239
-218
-415
-282
-626
-322
-778
-935
-795
-253
-620
-284
-962
-135
-78
-537
-789
-541
-745
-971
-403
-135
-364
-744
-397
-401
-322
-584
-982
-829
-739
-531
-357
-464
-814
-984
-786
-902
-227
-581
-465
-157
-175
-427
-293
-563
-273
-82
-104
-328
-52
-818
-774
-727
-871
-481
-437
-503
-65
-419
-332
-113
-260
-999
-578
-74
-292
-364
-285
-520
-254
-751
-987
-740
-487
-280
-303
-761
-672
-718
-89
-34
-845
-864
-71
-716
-654
-509
-219
-720
-238
-862
-834
-499
-861
-411
-883
-152
-85
-478
-983
-650
-229
-970
-389
-717
-559
-2
-788
-231
-720
-187
-266
-565
-360
-338
-591
-14
-156
-811
-735
-395
-673
-878
-203
-533
-289
-86
-996
-685
-875
-979
-334
-104
-257
-33
-130
-817
-36
-228
-48
-66
-415
-625
-942
-776
-964
-533
-100
-430
-344
-836
-825
-326
-714
-338
-169
-313
-735
-165
-307
-610
-454
-952
-715
-712
-986
-155
-529
-332
-383
-578
-398
-108
-203
-340
-194
-476
-182
-295
-907
-837
-131
-41
-163
-154
-380
-333
-778
-115
-809
-85
-726
-262
-37
-750
-284
-333
-906
-813
-665
-599
-701
-63
-708
-213
-714
-903
-690
-206
-508
-907
-42
-949
-257
-516
-103
-948
-158
-191
-372
-968
-276
-408
-540
-624
-158
-824
-266
-373
-947
-932
-282
-648
-305
-299
-862
-329
-512
-862
-535
-19
-77
-888
-969
-335
-404
-382
-593
-563
-574
-966
-840
-160
-373
-380
-784
-842
-514
-50
-215
-461
-292
-807
-418
-908
-106
-280
-237
-619
-451
-773
-639
-529
-971
-918
-174
-374
-300
-768
-938
-874
-42
-778
-34
-726
-467
-128
-568
-291
-489
-92
-752
-782
-900
-480
-1000
-316
-761
-236
-936
-212
-319
-884
-51
-289
-802
-226
-664
-411
-303
-912
-285
-656
-999
-630
-382
-776
-758
-951
-67
-557
-43
-129
-648
-253
-610
-648
-570
-680
-885
-815
-893
-203
-699
-253
-803
-811
-480
-777
-532
-93
-689
-818
-750
-998
-447
-132
-774
-515
-392
-841
-72
-436
-280
-721
-999
-199
-368
-569
-880
-563
-694
-82
-76
-703
-336
-880
-823
-125
-657
-355
-219
-655
-172
-278
-653
-930
-721
-426
-755
-113
-577
-137
-859
-167
-858
-858
-367
-536
-737
-247
-99
-430
-329
-175
-133
-666
-365
-957
-101
-21
-621
-630
-987
-103
-909
-640
-33
-940
-376
-98
-52
-954
-236
-912
-120
-404
-79
-798
-941
-817
-44
-349
-557
-374
-835
-1000
-350
-200
-266
-451
-532
-888
-391
-829
-992
-610
-468
-335
-550
-845
-434
-603
-107
-670
-825
-538
-384
-905
-336
-324
-30
-691
-984
-588
-65
-819
-588
-725
-329
-163
-486
-170
-51
-878
-1000
-42
-798
-778
-688
-348
-932
-121
-951
-349
-101
-776
-888
-486
-990
-534
-120
-20
-224
-104
-919
-600
-233
-506
-635
-872
-670
-431
-352
-31
-309
-352
-384
-107
-439
-71
-765
-371
-193
-716
-721
-605
-802
-919
-91
-792
-453
-521
-122
-988
-626
-40
-897
-168
-857
-532
-40
-837
-963
-703
-869
-582
-55
-252
-999
-805
-324
-764
-176
-828
-790
-207
-433
-902
-126
-835
-2
-889
-356
-125
-186
-982
-166
-83
-460
-333
-925
-811
-170
-197
-514
-38
-780
-880
-601
-88
-684
-235
-162
-170
-63
-953
-687
-497
-854
-814
-642
-857
-12
-998
-292
-508
-289
-768
-592
-750
-101
-827
-871
-271
-24
-385
-620
-113
-575
-221
-202
-259
-767
-364
-739
-831
-627
-426
-638
-481
-550
-280
-648
-872
-588
-940
-380
-878
-708
-973
-938
-119
-108
-809
-391
-133
-504
-321
-557
-78
-853
-68
-648
-620
-433
-387
-761
-370
-814
-399
-851
-673
-989
-809
-545
-577
-58
-926
-764
-767
-208
-702
-195
-317
-510
-897
-760
-14
-217
-317
-403
-380
-386
-50
-309
-129
-438
-70
-499
-561
-779
-660
-234
-768
-469
-780
-655
-837
-15
-419
-914
-224
-430
-109
-851
-250
-5
-611
-265
-533
-238
-978
-914
-934
-28
-223
-373
-467
-293
-873
-338
-382
-843
-573
-460
-621
-663
-115
-458
-679
-844
-372
-212
-274
-481
-63
-525
-797
-985
-100
-330
-223
-78
-554
-467
-107
-777
-840
-884
-380
-22
-532
-72
-865
-414
-533
-486
-77
-649
